0,392
0,391
0,390
0,389
30,4
30,3
30,2
30,1
30,0
0,388
0,387
0,386
29,5
0,385
0,273
0,270
29,4
0,384
29,3
29,2
29,1
29,0
28,3
28,2
28,1
28,0
0,319
0,318
27,3
27,2
27,1
27,0
0,317
0,316
26,4
26,3
26,2
0,283
0,243
26,1
26,0
25,3
25,2
25,1
25,0
3,2
3,1
3,3
10,191
10,299
10,159
10,189
10,223
12,2
12,1
12,3
20,2
20,1
20,3
19,2
19,1
19,3
11,29
11,28
11,27
11,26
11,25
11,24
11,23
11,22
11,21
11,20
11,19
11,18
11,17
11,16
11,15
11,14
11,13
11,12
11,11
11,10
11,9
11,8
11,7
11,6
11,5
11,4
11,3
11,2
11,1
11,0
10,95
10,94
10,93
10,92
10,91
10,90
10,89
10,88
10,87
10,86
10,85
10,84
10,83
10,82
